version https://git-lfs.github.com/spec/v1
oid sha256:ff35359df024ffead2e8932d23e401fa4ef498d4fd979ddf03e1c496841588de
size 25137
