version https://git-lfs.github.com/spec/v1
oid sha256:609de369510a70049e1836c4d03f58f31f034e52a2c89edfe4004c8ea2e1b769
size 15307
